Run semi-empirical minimization
 &qmmm
    qm_theory='AM1', grms_tol=0.0005,
  scfconv=1.d-10,   qmcharge=0,
 /
   6    C1        2.8960       -9.7790        2.5300 
   6    C2        3.1890       -8.9440        1.4510 
   6    C3        1.9660      -10.8070        2.3840 
   6    C4        4.9980       -3.5320       -3.5960 
   6    C5        3.3540       -4.9860       -4.5800 
   6    C6        1.6200      -10.1670        0.0800 
   6    C7        5.1860       -2.9820       -4.8540 
   6    C8        3.7810       -5.0120        0.0650 
   6    C9        4.0630       -4.5530       -3.4650 
   6   C10        2.5510       -9.1390        0.2260 
   6   C11        1.3280      -11.0020        1.1590 
   6   C12        3.6160       -4.3710       -5.7940 
   6   C13        3.8300       -5.1610       -2.1740 
   6   C14        3.2500       -6.9460       -0.9430 
   6   C15        2.1230       -4.9340       -9.2320 
   6   C16        3.0550       -4.2760       -8.2230 
   6   C17        0.6510       -4.7440       -8.8880 
   7   N18        4.5160       -3.3770       -5.9600 
   7   N19        4.0160       -4.3810       -1.0970 
   7   N20        3.3970       -6.2890        0.2200 
   7   N21        3.4490       -6.4490       -2.1740 
   7   N22        2.8460       -8.2960       -0.8620 
   7   N23        2.8990       -4.8130       -6.8990 
   8   O24       -0.1370       -5.4020       -9.8710 
  17  CL25        0.1790      -12.2700        0.9800 
   1   H26        3.3930       -9.6260        3.4840 
   1   H27        3.9160       -8.1460        1.5760 
   1   H28        1.7470      -11.4500        3.2330 
   1   H29        5.5710       -3.1670       -2.7490 
   1   H30        2.6190       -5.7820       -4.5020 
   1   H31        1.1250      -10.3150       -0.8770 
   1   H32        5.9050       -2.1840       -5.0100 
   1   H33        3.9160       -4.4320        0.9690 
   1   H34        2.3120       -4.5130      -10.2280 
   1   H35        2.3420       -6.0060       -9.3140 
   1   H36        4.0980       -4.4400       -8.5120 
   1   H37        2.8790       -3.1970       -8.1700 
   1   H38        0.4130       -5.1750       -7.9110 
   1   H39        0.3850       -3.6820       -8.8840 
   1   H40        2.7500       -8.7460       -1.7670 
   1   H41        2.2230       -5.5590       -6.7560 
   1   H42       -1.0660       -5.2630       -9.6240 

