Run semi-empirical minimization
 &qmmm
    qm_theory='AM1', grms_tol=0.0005,
  scfconv=1.d-10,   qmcharge=0,
 /
   6    C1        4.3260      -11.2770        4.2780 
   6    C2        3.0720      -10.7260        4.5420 
   6    C3        4.5620      -11.9240        3.0650 
   6    C4        4.4820        0.3220       -7.2750 
   6    C5        4.3560        0.4530       -5.8760 
   6    C6        2.0540      -10.8210        3.5930 
   6    C7        3.5440      -12.0190        2.1160 
   6    C8        3.0110       -9.4580       -0.5330 
   6    C9        1.5430       -8.2460        0.9540 
   6   C10        3.8080       -8.3210       -0.6730 
   6   C11        2.3390       -7.1090        0.8140 
   6   C12        4.6210       -0.9350       -7.8700 
   6   C13        4.3680       -0.6690       -5.0400 
   6   C14        2.2900      -11.4680        2.3800 
   6   C15        1.8790       -9.4200        0.2810 
   6   C16        3.4720       -7.1470        0.0000 
   6   C17        4.6300       -2.0240       -7.0270 
   6   C18        4.5070       -1.9010       -5.6450 
   6   C19        1.2130      -11.5690        1.3750 
   6   C20        1.0380      -10.6200        0.4290 
   6   C21       -0.5550      -12.8350        0.6340 
   6   C22       -0.8490      -11.8290       -0.4540 
   6   C23        4.7090       -4.1380       -6.1420 
   6   C24        5.7290       -4.1970       -3.1980 
   6   C25        3.2370       -4.3710       -3.4090 
   6   C26        5.5930       -4.6240       -1.7350 
   6   C27        3.1830       -4.7930       -1.9400 
   6   C28        4.4610       -3.5010       -3.6920 
   6   C29       -1.4470      -14.0400        0.7110 
   6   C30        4.3310       -5.9240       -0.1490 
   7   N31        0.4180      -12.6900        1.4780 
   7   N32        4.7540       -3.3770       -7.3450 
   7   N33        0.0100      -10.7560       -0.4720 
   7   N34        4.5540       -3.1880       -5.0970 
   7   N35        4.4180       -5.4830       -1.5410 
   8   O36       -1.7850      -12.0210       -1.2150 
   8   O37        4.7890       -5.3550       -6.0480 
   1   H38        5.1180      -11.2020        5.0160 
   1   H39        2.8880      -10.2210        5.4860 
   1   H40        5.5380      -12.3520        2.8580 
   1   H41        4.4690        1.2130       -7.8970 
   1   H42        4.2490        1.4440       -5.4420 
   1   H43        1.0820      -10.3870        3.8130 
   1   H44        3.7430      -12.5260        1.1750 
   1   H45        3.2860      -10.3660       -1.0650 
   1   H46        0.6640       -8.2010        1.5920 
   1   H47        4.6880       -8.3600       -1.3090 
   1   H48        2.0700       -6.1980        1.3420 
   1   H49        4.7180       -1.0380       -8.9440 
   1   H50        4.2720       -0.5600       -3.9670 
   1   H51        6.5730       -3.5060       -3.2920 
   1   H52        5.9620       -5.0650       -3.8210 
   1   H53        3.2330       -5.2550       -4.0530 
   1   H54        2.3330       -3.8020       -3.6510 
   1   H55        6.5090       -5.1320       -1.4070 
   1   H56        5.4920       -3.7170       -1.1250 
   1   H57        3.0550       -3.8890       -1.3320 
   1   H58        2.3050       -5.4280       -1.7640 
   1   H59        4.3490       -2.5370       -3.1790 
   1   H60       -1.0340      -14.8340        0.0940 
   1   H61       -2.4400      -13.7790        0.3550 
   1   H62       -1.5130      -14.3750        1.7440 
   1   H63        3.9280       -5.0950        0.4430 
   1   H64        5.3490       -6.1140        0.2070 
   1   H65        4.8580       -3.7450       -8.2820 
   1   H66       -0.1180      -10.0350       -1.1760 

